pred_corr1
Lower bound : 1
Upper bound : 2.77
Step size : .01

nerr =

  236.0442


nerr =

   89.0943

t1=a:h:b;

format long
d1=[t1(6) norm(x(6)-trueval(1.05)) norm(y(6)-trueval(1.05)); t1(11) norm(x(11)-trueval(1.1)) norm(y(11)-trueval(1.1)); t1(101) norm(x(101)-trueval(2)) norm(y(101)-trueval(2))];

d1 =

   1.050000000000000   0.000000386141064   0.000000274069019
   1.100000000000000   0.000000843641353   0.000000602484311
   2.000000000000000   0.000077750108485   0.000063688125172


pred_corr1
Lower bound : 1
Upper bound : 2.77
Step size : .05

nerr =

  19.648911939586984


nerr =

  11.769750377745789

t2=a:h:b;
d2=[t2(2) norm(x(2)-trueval(1.05)) norm(y(2)-trueval(1.05)); t2(3) norm(x(3)-trueval(1.1)) norm(y(3)-trueval(1.1)); t2(21) norm(x(21)-trueval(2)) norm(y(21)-trueval(2))];

d2 =

   1.050000000000000   0.000009304236700   0.000006339435905
   1.100000000000000   0.000020322426279   0.000013927637916
   2.000000000000000   0.001849101771196   0.001433508691909

pred_corr1
Lower bound : 1
Upper bound : 2.77
Step size : .005

nerr =

     1.561640623712890e+02


nerr =

     1.112356302720999e+02

t3=a:h:b;

d3=[t3(11) norm(x(11)-trueval(1.05)) norm(y(11)-trueval(1.05)); t3(21) norm(x(21)-trueval(1.1)) norm(y(21)-trueval(1.1)); t3(201) norm(x(201)-trueval(2)) norm(y(201)-trueval(2))];

d3 =

   1.050000000000000   0.000000096977809   0.000000069179522
   1.100000000000000   0.000000211883285   0.000000152088373
   2.000000000000000   0.000019552633514   0.000016132108584

ratio=.05/.01

ratio =

     5

d2./d1

ans =

   1.000000000000000  24.095434479621613  23.130800864920587
   1.000000000000000  24.088940418032770  23.117013430071776
   1.000000000000000  23.782626252685212  22.508257042277396

ratio=.01/.005

ratio =

     2

d1./d3

ans =

   1.000000000000000   3.981746614745357   3.961707302595037
   1.000000000000000   3.981632404722379   3.961409417289710
   1.000000000000000   3.976451991941291   3.947910766951694

diary off
