run
n : 10

err =

   9.4187e-04


p =

    2.9057

n : 20

err =

   2.7015e-04


p =

    2.6988

n : 40

err =

   7.2560e-05


p =

    2.5666

n : 80

err =

   1.8817e-05


p =

    2.4760

n : 0
diary off
