run

n : 10

err =

   9.4187e-04

p =

    3.0260



n : 20

err =

   2.7015e-04

p =

    2.7427



n : 40

err =

   7.2560e-05


p =

    2.5837

n : 0
diary off
